   1166 68
   1053 67
    973 65
    967 66
    901 64
    856 63
    814 62
    695 61
    597 60
    514 59
    487 58
    446 57
    429 56
    422 54
    402 55
    369 52
    358 53
    329 51
    256 49
    245 50
    212 48
    210 47
    195 46
    178 44
    176 45
    153 43
    141 41
    125 42
    108 40
    104 38
    101 39
     81 37
     67 36
     53 35
     53 34
     50 30
     49 31
     45 33
     38 32
     31 29
     30 26
     25 25
     25 18
     24 28
     22 27
     21 23
     17 24
     17 14
     16 22
     15 12
     14 19
     13 17
     12 20
     12 16
      8 6
      8 21
      8 10
      7 5
      5 8
      4 9
      4 4
      4 0
      3 7
      3 2
      3 13
      3 11
      2 15
      1 3
