   1103 68
    999 67
    941 66
    939 65
    876 64
    823 63
    773 62
    651 61
    576 60
    490 59
    458 58
    418 57
    402 56
    386 54
    372 55
    342 52
    337 53
    309 51
    240 49
    218 50
    203 48
    193 47
    183 46
    166 44
    161 45
    128 43
    118 42
    117 41
     94 40
     92 39
     85 38
     71 37
     55 36
     46 35
     44 34
     32 33
     32 31
     32 30
     29 32
     27 18
     20 26
     18 25
     17 28
     17 12
     16 29
     16 14
     13 23
     13 17
     12 24
     12 19
     12 16
     11 27
     11 22
      8 20
      8 10
      7 6
      7 5
      7 0
      6 8
      4 4
      4 21
      3 9
      3 7
      3 13
      3 11
      2 3
      2 2
      2 15
      1 1
