    566 68
    513 67
    475 66
    423 65
    392 64
    384 62
    364 63
    328 61
    287 60
    265 58
    247 59
    201 57
    186 56
    171 54
    165 55
    131 53
    129 52
    126 51
    113 50
    104 49
     89 48
     88 46
     80 42
     79 47
     70 45
     59 44
     59 40
     52 43
     52 41
     50 38
     49 39
     42 37
     38 36
     38 32
     35 35
     34 33
     30 34
     29 31
     28 28
     26 30
     17 27
     15 26
     12 29
     10 25
      9 23
      7 24
      7 22
      6 0
      4 13
      3 21
      3 20
      3 16
      3 14
      2 9
      2 3
      2 2
      1 8
      1 7
      1 5
      1 4
      1 19
      1 17
      1 12
      1 10
