    573 68
    532 67
    482 66
    452 65
    411 64
    388 62
    371 63
    331 61
    313 60
    272 58
    271 59
    219 57
    202 56
    185 55
    181 54
    143 53
    143 52
    142 51
    124 50
    116 49
    106 48
    100 46
     85 45
     84 47
     81 42
     72 44
     63 40
     62 43
     60 41
     55 39
     53 38
     49 33
     48 37
     48 32
     47 36
     46 34
     43 35
     36 31
     34 30
     31 28
     22 29
     21 27
     21 26
     18 25
     12 23
     12 22
     10 24
      7 21
      6 0
      4 16
      4 13
      3 20
      3 14
      1 9
      1 8
      1 7
      1 4
      1 3
      1 2
      1 19
      1 18
      1 17
      1 10
